31
405
225
8
480
164
68
156
129
403
58
484
199
382
396
274
345
401
261
466
146
148
334
199
468
225
273
426
120
303
182
197
310
13
360
230
20
219
358
423
128
193
121
9
89
395
354
341
7
213
306
152
212
139
202
32
216
474
309
187
276
490
383
437
3
94
166
22
313
375
296
440
68
417
301
156
163
6
348
169
218
154
172
281
144
373
312
211
198
120
398
325
110
132
261
464
226
279
337
390
153
133
181
220
401
481
227
63
486
427
83
55
80
254
336
75
478
147
138
27
119
35
351
80
18
463
395
243
241
231
484
246
215
165
317
115
497
396
29
335
322
111
241
253
216
428
327
45
75
464
71
45
350
273
124
368
236
18
462
328
100
298
425
315
462
242
429
310
137
458
496
458
420
237
210
136
164
388
180
90
204
251
486
405
23
109
124
110
478
86
438
78
383
214
392
196
455
172
357
443
129
353
400
49
441
461
36
456
201
215
46
404
317
383
160
192
492
284
301
321
369
90
398
103
304
141
298
258
313
6
53
293
358
452
193
150
265
228
106
465
443
3
220
259
385
379
450
228
162
103
49
382
192
298
484
347
439
133
457
103
139
9
395
348
312
88
350
76
167
455
392
109
309
111
220
193
342
21
273
355
123
321
237
167
118
72
13
408
205
469
10
195
477
257
394
289
196
243
216
362
49
460
323
357
422
42
402
263
414
174
118
389
494
206
55
463
277
419
371
333
388
232
379
216
340
125
356
35
367
424
249
268
383
71
124
304
464
377
419
377
50
388
265
395
93
171
358
221
90
80
406
329
163
284
396
3
408
252
389
127
27
137
394
409
59
369
64
22
246
482
399
295
369
15
42
313
186
251
34
127
330
439
455
344
74
202
198
334
305
87
312
331
75
57
239
134
425
155
155
22
136
405
169
5
420
210
169
457
460
202
435
141
492
241
484
66
442
34
251
247
472
62
77
46
118
168
31
394
322
38
416
457
294
84
313
65
145
482
21
104
35
455
96
27
195
431
444
489
464
194
235
435
107
163
333
76
330
363
469
151
252
236
460
46
171
124
110
167
457
483
270
492
289
217
370
336
148
313
324
111
358
58
398
316
220
230
391
402
444
211
404
48
299
363
93
469
339
